      262207
      262206
      131102
       65550
      131096
      131097
      131098
      262199
      131089
      262183
      131092
      131093
      262191
      262190
      262151
      262155
      262154
      262159
      262158
      262163
      131082
      262167
      262171
      262170
      131084
      262175
      262174
      131086
      262215
      262214
      262226
      131112
      262231
      262230
      131114
      131121
      262247
      262246
       65564
      262263
      262262
      131130
      131138
      262279
      131140
      262287
      262286
      131142
      131152
      131153
      131154
      262311
       65578
      262319
      262318
      131158
      262342
      131170
       65592
      262374
      131186
      131201
      131205
      131208
      131209
       65606
      262431
      131214
      131233
       65620
      131264
       65634
       65648
      262207
      262206
      131102
       65550
      131096
      131097
      131098
      262199
      131089
      262183
      131092
      131093
      262191
      262190
      262151
      262155
      262154
      262159
      262158
      262163
      131082
      262167
      262171
      262170
      131084
      262175
      262174
      131086
      262215
      262214
      262226
      131112
      262231
      262230
      131114
      131121
      262247
      262246
       65564
      262263
      262262
      131130
      131138
      262279
      131140
      262287
      262286
      131142
      131152
      131153
      131154
      262311
       65578
      262319
      262318
      131158
      262342
      131170
       65592
      262374
      131186
      131201
      131205
      131208
      131209
       65606
      262431
      131214
      131233
       65620
      131264
       65634
       65648
      262207
      262206
      131102
       65550
      131096
      131097
      131098
      262199
      131089
      262183
      131092
      131093
      262191
      262190
      262151
      262155
      262154
      262159
      262158
      262163
      131082
      262167
      262171
      262170
      131084
      262175
      262174
      131086
      262215
      262214
      262226
      131112
      262231
      262230
      131114
      131121
      262247
      262246
       65564
      262263
      262262
      131130
      131138
      262279
      131140
      262287
      262286
      131142
      131152
      131153
      131154
      262311
       65578
      262319
      262318
      131158
      262342
      131170
       65592
      262374
      131186
      131201
      131205
      131208
      131209
       65606
      262431
      131214
      131233
       65620
      131264
       65634
       65648
      262207
      262206
      131102
       65550
      131096
      131097
      131098
      262199
      131089
      262183
      131092
      131093
      262191
      262190
      262151
      262155
      262154
      262159
      262158
      262163
      131082
      262167
      262171
      262170
      131084
      262175
      262174
      131086
      262215
      262214
      262226
      131112
      262231
      262230
      131114
      131121
      262247
      262246
       65564
      262263
      262262
      131130
      131138
      262279
      131140
      262287
      262286
      131142
      131152
      131153
      131154
      262311
       65578
      262319
      262318
      131158
      262342
      131170
       65592
      262374
      131186
      131201
      131205
      131208
      131209
       65606
      262431
      131214
      131233
       65620
      131264
       65634
       65648
      262207
      262206
      131102
       65550
      131096
      131097
      131098
      262199
      131089
      262183
      131092
      131093
      262191
      262190
      262151
      262155
      262154
      262159
      262158
      262163
      131082
      262167
      262171
      262170
      131084
      262175
      262174
      131086
      262215
      262214
      262226
      131112
      262231
      262230
      131114
      131121
      262247
      262246
       65564
      262263
      262262
      131130
      131138
      262279
      131140
      262287
      262286
      131142
      131152
      131153
      131154
      262311
       65578
      262319
      262318
      131158
      262342
      131170
       65592
      262374
      131186
      131201
      131205
      131208
      131209
       65606
      262431
      131214
      131233
       65620
      131264
       65634
       65648
      262207
      262206
      131102
       65550
      131096
      131097
      131098
      262199
      131089
      262183
      131092
      131093
      262191
      262190
      262151
      262155
      262154
      262159
      262158
      262163
      131082
      262167
      262171
      262170
      131084
      262175
      262174
      131086
      262215
      262214
      262226
      131112
      262231
      262230
      131114
      131121
      262247
      262246
       65564
      262263
      262262
      131130
      131138
      262279
      131140
      262287
      262286
      131142
      131152
      131153
      131154
      262311
       65578
      262319
      262318
      131158
      262342
      131170
       65592
      262374
      131186
      131201
      131205
      131208
      131209
       65606
      262431
      131214
      131233
       65620
      131264
       65634
       65648
      262207
      262206
      131102
       65550
      131096
      131097
      131098
      262199
      131089
      262183
      131092
      131093
      262191
      262190
      262151
      262155
      262154
      262159
      262158
      262163
      131082
      262167
      262171
      262170
      131084
      262175
      262174
      131086
      262215
      262214
      262226
      131112
      262231
      262230
      131114
      131121
      262247
      262246
       65564
      262263
      262262
      131130
      131138
      262279
      131140
      262287
      262286
      131142
      131152
      131153
      131154
      262311
       65578
      262319
      262318
      131158
      262342
      131170
       65592
      262374
      131186
      131201
      131205
      131208
      131209
       65606
      262431
      131214
      131233
       65620
      131264
       65634
       65648
      262207
      262206
      131102
       65550
      131096
      131097
      131098
      262199
      131089
      262183
      131092
      131093
      262191
      262190
      262151
      262155
      262154
      262159
      262158
      262163
      131082
      262167
      262171
      262170
      131084
      262175
      262174
      131086
      262215
      262214
      262226
      131112
      262231
      262230
      131114
      131121
      262247
      262246
       65564
      262263
      262262
      131130
      131138
      262279
      131140
      262287
      262286
      131142
      131152
      131153
      131154
      262311
       65578
      262319
      262318
      131158
      262342
      131170
       65592
      262374
      131186
      131201
      131205
      131208
      131209
       65606
      262431
      131214
      131233
       65620
      131264
       65634
       65648
      262207
      262206
      131102
       65550
      131096
      131097
      131098
      262199
      131089
      262183
      131092
      131093
      262191
      262190
      262151
      262155
      262154
      262159
      262158
      262163
      131082
      262167
      262171
      262170
      131084
      262175
      262174
      131086
      262215
      262214
      262226
      131112
      262231
      262230
      131114
      131121
      262247
      262246
       65564
      262263
      262262
      131130
      131138
      262279
      131140
      262287
      262286
      131142
      131152
